95
100
12
8
99
69
12
93
72
84
77
78
95
34
54
58
81
8
59
66
21
66
24
14
57
70
45
97
11
52
15
62
86
47
20
65
66
11
9
14
34
26
69
4
44
82
86
31
79
67
78
34
52
68
11
18
76
59
58
45
68
69
44
69
94
13
54
74
75
2
14
84
5
94
80
11
29
51
35
25
50
30
13
60
66
39
55
14
86
98
60
74
55
23
21
22
78
29
25
33
98
4
13
83
38
78
47
82
97
11
88
68
86
73
17
34
63
60
45
82
2
1
30
99
17
81
47
74
17
87
50
96
71
90
16
62
49
22
76
6
60
33
39
5
36
89
66
25
84
59
59
52
56
91
35
99
44
22
100
52
67
31
41
14
64
22
25
33
25
4
29
14
78
39
79
7
51
35
44
100
7
95
91
47
78
73
16
18
89
11
90
97
91
81
93
47
30
33
45
100
9
96
18
71
15
13
72
63
13
66
96
15
60
12
32
55
52
85
64
44
13
89
63
63
21
81
25
71
82
40
79
60
76
20
64
12
99
94
82
24
92
60
69
94
10
14
76
27
13
57
47
73
66
38
59
47
11
13
34
63
31
9
52
39
60
21
9
37
50
73
65
38
9
89
33
98
83
48
20
16
34
80
12
78
60
40
57
14
40
12
49
98
85
72
17
24
40
55
49
61
61
23
88
72
80
42
22
44
88
64
37
45
89
14
84
82
4
59
12
9
73
88
100
39
25
17
58
99
63
64
80
63
61
23
86
49
29
62
68
39
73
98
9
14
97
2
87
63
8
61
35
5
65
11
24
16
90
42
62
48
32
100
52
77
25
97
43
57
100
30
16
93
92
46
86
31
18
81
26
49
55
22
92
28
57
27
88
29
62
54
59
5
73
61
43
62
60
85
89
18
41
29
24
69
94
64
42
9
67
64
71
31
65
4
82
60
86
29
71
70
53
83
29
6
87
4
45
39
11
67
47
35
71
5
75
94
10
73
22
22
100
25
59
98
64
43
6
33
17
26
93
69
55
52
29
15
16
30
55
55
49
40
42
35
8
34
47
94
74
80
64
51
5
85
78
97
1
65
6
76
16
44
87
60
76
11
69
25
41
42
40
40
63
4
51
76
51
70
47
95
81
76
13
40
19
77
36
45
52
33
89
43
35
31
10
29
87
8
3
93
98
12
86
62
1
41
23
89
23
48
24
2
25
11
44
23
46
91
61
67
64
91
54
80
32
1
7
8
25
78
29
6
59
24
92
22
89
8
25
49
98
11
99
44
75
80
72
15
26
27
64
7
33
64
27
73
68
72
83
8
61
61
12
75
72
40
51
89
17
61
25
92
27
30
30
7
30
77
39
65
38
66
52
76
14
87
73
57
13
43
10
97
56
3
17
16
13
56
61
6
96
53
27
44
67
100
40
95
58
49
99
57
90
30
13
2
18
23
59
83
20
92
95
79
96
38
8
61
83
25
88
81
37
23
82
57
21
71
14
86
40
75
48
83
42
35
92
80
52
73
55
24
83
80
79
74
3
70
17
72
17
99
86
23
62
70
72
41
63
54
92
91
53
3
42
2
58
72
75
18
32
82
6
48
2
85
26
9
3
57
6
43
9
17
11
44
39
14
17
81
84
8
17
100
81
43
17
92
59
24
76
39
13
15
41
80
26
3
53
52
68
92
10
31
4
52
80
2
80
60
49
38
5
41
66
42
57
53
45
15
39
96
27
56
28
88
50
40
90
33
43
50
31
34
57
77
14
30
99
94
83
48
92
82
41
90
34
9
49
52
27
36
65
42
45
3
78
44
76
9
77
84
81
55
26
2
84
66
60
95
83
27
71
53
100
67
97
1
69
63
44
88
62
32
82
24
83
30
35
63
44
3
56
87
13
38
10
81
48
24
92
50
76
6
72
73
83
9
74
81
18
65
8
83
85
90
30
73
73
3
23
21
97
85
53
59
35
38
75
15
100
23
64
63
49
3
96
16
26
26
5
17
60
56
77
18
51
42
98
74
96
93
22
65
66
77
73
59
33
67
88
15
80
92
71
60
32
37
69
58
17
93
95
94
65
3
32
52
99
13
18
14
30
83
13
31
78
18
56
72
71
60
64
28
37
90
22
28
6
63
91
31
5
94
5
68
79
46
15
76
48
16
67
34
38
88
1
41
2
56
44
31
44
19
100
24
38
71
32
12
29
36
99
35
86
10
12
74
16
68
9
48
15
1
38
40
96
56
47
57
87
20
98
50
77
44
23
90
18
46
