44
30
67
26
77
85
96
10
26
20
7
32
13
55
91
22
69
34
63
26
17
59
65
22
98
48
5
47
16
5
62
72
28
31
12
70
76
96
46
42
5
37
50
7
92
60
6
70
81
64
22
100
69
40
84
36
14
55
30
12
34
72
85
96
92
19
7
27
48
86
51
82
40
1
80
65
81
57
20
89
3
36
63
98
38
9
94
30
73
12
49
51
3
47
72
31
60
64
37
53
69
5
7
84
58
39
80
88
50
6
43
98
63
30
52
20
12
80
34
22
1
76
18
65
55
38
47
82
57
81
65
12
97
100
75
94
34
53
75
68
91
12
61
81
36
38
88
57
43
23
8
75
62
7
77
75
10
33
30
37
6
33
35
97
41
29
1
94
44
88
88
1
31
40
28
22
31
57
22
1
51
41
29
70
32
69
54
58
93
26
22
7
91
99
88
63
8
83
81
61
5
15
67
96
93
32
22
47
11
31
2
98
56
92
67
53
38
26
61
81
57
46
17
26
69
83
78
14
35
33
41
29
3
55
30
57
32
88
5
18
100
34
98
13
83
13
38
41
12
44
93
25
11
44
11
14
17
87
32
95
38
87
43
93
8
73
49
38
11
2
78
32
95
68
79
64
21
7
73
29
33
84
47
15
60
16
90
61
30
75
41
97
36
28
49
14
63
27
80
46
37
24
5
88
68
91
13
26
83
89
27
3
35
55
30
86
62
19
2
43
8
80
57
41
98
88
25
8
42
11
27
2
21
23
25
41
2
92
3
44
44
81
25
12
12
21
65
1
66
13
59
54
55
4
59
8
5
28
31
34
21
57
35
23
54
11
86
11
45
93
78
34
28
67
25
98
80
84
84
55
54
70
58
42
53
32
55
28
84
80
74
36
32
17
63
77
46
9
6
73
83
54
80
56
100
65
11
10
83
30
34
51
76
69
98
79
29
36
28
90
8
56
34
52
39
78
99
45
30
4
91
11
25
56
57
36
88
16
100
74
3
60
17
79
23
38
80
74
91
57
72
71
6
49
21
83
100
2
69
12
1
70
27
91
8
10
5
61
88
86
93
94
51
55
39
36
25
4
5
29
63
71
60
12
98
70
88
91
27
94
39
79
83
26
49
70
55
52
85
76
56
26
9
90
97
27
24
69
79
72
6
75
53
64
48
21
90
71
73
23
8
48
76
100
21
100
16
79
42
38
29
46
15
65
10
19
9
79
48
51
71
95
32
6
3
40
97
63
92
96
5
27
33
80
3
8
52
13
77
25
19
17
56
26
84
56
50
53
23
35
94
55
78
5
72
8
78
79
11
61
34
33
67
78
84
12
12
51
4
40
11
85
49
44
19
31
71
7
13
79
20
87
37
80
84
48
2
72
69
22
76
19
93
14
83
41
61
61
98
60
73
10
6
9
96
29
1
23
43
98
67
85
7
12
48
65
92
82
36
96
78
69
37
69
75
44
24
43
74
77
2
48
93
10
16
26
16
26
32
62
30
99
60
34
69
57
30
29
8
29
3
53
73
77
55
37
5
73
93
64
62
67
84
4
30
95
30
39
24
91
72
87
80
21
16
6
12
22
46
51
65
34
82
8
31
68
77
94
25
62
37
11
24
1
93
85
59
73
8
31
96
41
93
81
81
58
73
57
10
94
8
73
30
59
46
70
35
13
40
74
34
86
100
37
95
99
33
54
65
30
86
43
14
44
46
94
13
8
33
34
96
48
50
93
49
53
92
7
8
78
96
17
65
88
44
58
83
31
87
4
36
80
36
16
30
9
40
7
53
91
94
71
56
34
41
46
91
16
51
99
90
69
30
5
75
35
92
59
62
60
82
56
71
44
68
22
7
3
36
40
42
4
71
61
44
17
29
51
43
72
66
9
7
80
78
12
96
38
98
15
89
57
18
4
100
73
3
96
66
31
66
100
63
12
16
52
32
57
69
27
62
3
29
19
79
37
50
3
18
64
51
3
36
10
11
87
19
94
27
49
52
72
42
84
22
71
49
15
5
67
19
30
14
77
80
31
45
15
76
67
43
87
89
4
8
94
100
39
4
73
23
26
13
84
43
52
40
1
45
88
47
60
84
12
15
88
46
25
76
79
99
44
39
13
37
7
77
83
50
71
60
32
50
47
35
70
66
76
30
42
35
79
40
86
14
47
80
87
44
42
20
17
90
62
27
6
32
79
32
21
5
70
45
90
66
63
85
70
69
96
98
85
23
23
99
57
25
68
23
91
26
52
27
9
97
90
100
21
19
5
